lastAccountName: Jame
timestamps:
  login: 1536197787238
  logout: 1536198011665
ipAddress: 25.39.60.95
lastlocation:
  world: world
  x: 103.25736238603464
  y: 80.0
  z: 232.50819352333164
  yaw: 340.50043
  pitch: 36.89979
logoutlocation:
  world: world
  x: 227.2830254894804
  y: 71.0
  z: 212.55309398518935
  yaw: -28.20044
  pitch: 32.84995
geolocation: United Kingdom
