lastAccountName: TSCH
timestamps:
  login: 1537084976131
  logout: 1537086181834
  lastteleport: 1537084994857
ipAddress: 25.66.6.243
lastlocation:
  world: world
  x: 248.48750001192096
  y: 138.67751591849216
  z: -169.40741792529116
  yaw: 306.62448
  pitch: -87.9
logoutlocation:
  world: survival
  x: -118.0749
  y: 64.0
  z: 225.6308
  yaw: 267.001
  pitch: 20.8503
afk: false
geolocation: United Kingdom
