lastAccountName: TSCH
timestamps:
  login: 1536515184856
  logout: 1536518099810
  lastteleport: 1536516961348
ipAddress: 25.66.6.243
lastlocation:
  world: world
  x: 255.05742449201904
  y: 137.0824071098346
  z: -157.9069620463693
  yaw: 305.54785
  pitch: 4.8000374
logoutlocation:
  world: world
  x: 255.87803473108585
  y: 137.0
  z: -172.83199613414445
  yaw: -290.53558
  pitch: 15.149754
afk: false
geolocation: United Kingdom
