lastAccountName: snowleo
timestamps:
  login: 1536163981530
  logout: 1536163987943
ipAddress: 25.39.60.95
logoutlocation:
  world: world
  x: 255.0888059862676
  y: 84.0
  z: 201.84823509899206
  yaw: -107.100006
  pitch: -0.6000011
