lastAccountName: top
timestamps:
  login: 1536513915775
  lastteleport: 1536513949245
  logout: 1536514091168
ipAddress: 127.0.0.1
lastlocation:
  world: world
  x: 206.8191570083321
  y: 68.0
  z: 167.65498049687625
  yaw: -107.55028
  pitch: 66.44998
logoutlocation:
  world: world
  x: 191.69999998807907
  y: 64.0
  z: 164.9542626020782
  yaw: -123.1504
  pitch: -1.6500739
