lastAccountName: bvbb
timestamps:
  login: 1537084518120
  logout: 1537084697837
ipAddress: 25.66.6.243
lastlocation:
  world: world
  x: 261.1901005078742
  y: 137.07999999999998
  z: -156.00989949510603
  yaw: 0.0
  pitch: 0.0
geolocation: United Kingdom
logoutlocation:
  world: world
  x: 256.0
  y: 137.0625
  z: -156.0
  yaw: 0.0
  pitch: 0.0
