lastAccountName: RSX981
timestamps:
  login: 1536942588457
  logout: 1536942656701
ipAddress: 25.45.212.25
lastlocation:
  world: world
  x: 244.5
  y: 69.0
  z: 206.5
  yaw: 0.0
  pitch: 0.0
geolocation: United Kingdom
logoutlocation:
  world: world
  x: 264.8624293544675
  y: 95.14441316887844
  z: -167.6342708795606
  yaw: 87.60009
  pitch: 85.79999
