lastAccountName: ADsa
timestamps:
  login: 1536515008997
  logout: 1536515031467
ipAddress: 25.66.6.243
lastlocation:
  world: world
  x: 244.5
  y: 69.0
  z: 206.5
  yaw: 0.0
  pitch: 0.0
geolocation: United Kingdom
logoutlocation:
  world: world
  x: 208.03780171489353
  y: 68.0
  z: 167.350286465042
  yaw: -139.65022
  pitch: -3.1499848
