lastAccountName: topcast
timestamps:
  login: 1536328151716
  logout: 1536328503365
ipAddress: 127.0.0.1
afk: false
logoutlocation:
  world: world
  x: 301.2140702395336
  y: 94.22372160975476
  z: 274.5256716116062
  yaw: 36.749863
  pitch: 68.100006
