lastAccountName: topcast
timestamps:
  login: 1537082641154
  logout: 1537086180262
  lastteleport: 1537084816394
ipAddress: 25.39.60.95
afk: false
logoutlocation:
  world: world
  x: 224.8233698267049
  y: 137.0
  z: -156.0011421701105
  yaw: -269.97696
  pitch: 4.349774
lastlocation:
  world: world
  x: 238.36195070597734
  y: 137.0
  z: -165.67669198507113
  yaw: 213.62335
  pitch: 29.249887
homes:
  home:
    world: world
    x: 181.4823608614303
    y: 64.0
    z: 174.39386323862547
    yaw: -186.45029
    pitch: 19.949993
