lastAccountName: sdfgo
timestamps:
  login: 1536518888590
  logout: 1536519089298
ipAddress: 25.66.6.243
lastlocation:
  world: world
  x: 244.5
  y: 69.0
  z: 206.5
  yaw: 0.0
  pitch: 0.0
geolocation: United Kingdom
logoutlocation:
  world: world
  x: 254.55417451584609
  y: 137.0
  z: -173.87775691131563
  yaw: 195.32306
  pitch: 17.549807
