lastAccountName: theklaoww
timestamps:
  login: 1537079975557
  lastteleport: 1537076759242
  logout: 1537081708510
ipAddress: 25.47.233.229
lastlocation:
  world: world
  x: 260.0263817495327
  y: 138.0
  z: -156.5383507383199
  yaw: -67.627174
  pitch: 65.84996
geolocation: United Kingdom
logoutlocation:
  world: world
  x: 242.20116429980845
  y: 154.1389646023451
  z: -204.78892245806728
  yaw: -175.828
  pitch: 65.099724
