lastAccountName: topcaster
timestamps:
  login: 1537083195515
  lastteleport: 1537085093825
ipAddress: 127.0.0.1
lastlocation:
  world: survival
  x: -265.77142500759146
  y: 63.0
  z: 259.214863603444
  yaw: 200.85005
  pitch: -5.400072
