spawns: 
  default: 
    world: world
    x: 261.69999998807907
    y: 137.0
    z: -155.30000001192093
    yaw: 91.3728
    pitch: 11.09994
