spawns: 
  default: 
    world: world
    x: 261.5758770384706
    y: 137.0
    z: -155.48387703339495
    yaw: -269.07687
    pitch: -10.20024
