world: survival
x: -118.29517712336919
y: 64.0
z: 224.96445485320183
yaw: 272.10056
pitch: 3.9001987
name: survival
